-4.249760000000000204e-01 1.111629999999999976e-08
-4.241130000000000178e-01 1.210539999999999999e-08
-4.232500000000000151e-01 1.205710000000000048e-08
-4.223870000000000124e-01 1.181580000000000049e-08
-4.215240000000000098e-01 1.204340000000000082e-08
-4.206619999999999804e-01 1.096239999999999928e-08
-4.197989999999999777e-01 1.267420000000000076e-08
-4.189359999999999751e-01 1.320740000000000053e-08
-4.180729999999999724e-01 1.232700000000000014e-08
-4.172100000000000253e-01 1.419479999999999983e-08
-4.163470000000000226e-01 1.261059999999999945e-08
-4.154840000000000200e-01 1.272560000000000081e-08
-4.146210000000000173e-01 1.284650000000000025e-08
-4.137580000000000147e-01 1.222760000000000025e-08
-4.128950000000000120e-01 1.153690000000000056e-08
-4.120329999999999826e-01 1.010859999999999961e-08
-4.111699999999999799e-01 8.990129999999999849e-09
-4.103069999999999773e-01 8.550049999999999855e-09
-4.094439999999999746e-01 7.729489999999999951e-09
-4.085810000000000275e-01 7.811549999999999562e-09
-4.077180000000000248e-01 7.296430000000000207e-09
-4.068550000000000222e-01 9.416330000000000714e-09
-4.059920000000000195e-01 9.407870000000000518e-09
-4.051290000000000169e-01 9.924260000000000221e-09
-4.042669999999999875e-01 9.720219999999999341e-09
-4.034039999999999848e-01 9.844950000000000419e-09
-4.025409999999999822e-01 9.224960000000000371e-09
-4.016779999999999795e-01 9.881570000000000650e-09
-4.008149999999999769e-01 9.533869999999999462e-09
-3.999519999999999742e-01 1.066280000000000003e-08
-3.990890000000000271e-01 1.074799999999999969e-08
-3.982260000000000244e-01 9.486859999999999229e-09
-3.973630000000000217e-01 1.096380000000000054e-08
-3.965000000000000191e-01 9.844150000000000174e-09
-3.956379999999999897e-01 9.687519999999999650e-09
-3.947749999999999870e-01 1.035429999999999929e-08
-3.939119999999999844e-01 1.054180000000000014e-08
-3.930489999999999817e-01 9.651709999999999544e-09
-3.921859999999999791e-01 8.763229999999999320e-09
-3.913229999999999764e-01 9.168390000000000017e-09
-3.904599999999999738e-01 1.047879999999999984e-08
-3.895970000000000266e-01 9.083040000000000514e-09
-3.887340000000000240e-01 1.020209999999999975e-08
-3.878719999999999946e-01 9.814909999999999973e-09
-3.870089999999999919e-01 9.897850000000000515e-09
-3.861459999999999892e-01 1.000499999999999926e-08
-3.852829999999999866e-01 9.224039999999999923e-09
-3.844199999999999839e-01 8.329470000000000602e-09
-3.835569999999999813e-01 8.213830000000000369e-09
-3.826939999999999786e-01 8.914750000000000467e-09
-3.818309999999999760e-01 8.111649999999999384e-09
-3.809679999999999733e-01 8.301160000000000728e-09
-3.801050000000000262e-01 8.087770000000000496e-09
-3.792429999999999968e-01 9.297270000000000507e-09
-3.783799999999999941e-01 9.251230000000000116e-09
-3.775169999999999915e-01 7.281349999999999883e-09
-3.766539999999999888e-01 9.595010000000000763e-09
-3.757909999999999862e-01 1.021150000000000015e-08
-3.749279999999999835e-01 8.933849999999999295e-09
-3.740649999999999809e-01 8.290800000000000363e-09
-3.732019999999999782e-01 9.104869999999999393e-09
-3.723389999999999755e-01 9.341460000000000124e-09
-3.714770000000000016e-01 8.706029999999999972e-09
-3.706139999999999990e-01 9.156109999999999725e-09
-3.697509999999999963e-01 9.668710000000000622e-09
-3.688879999999999937e-01 9.744090000000000004e-09
-3.680249999999999910e-01 1.104109999999999985e-08
-3.671619999999999884e-01 1.161950000000000025e-08
-3.662989999999999857e-01 1.129030000000000019e-08
-3.654359999999999831e-01 9.815120000000000740e-09
-3.645729999999999804e-01 1.053360000000000010e-08
-3.637099999999999778e-01 1.101850000000000036e-08
-3.628480000000000039e-01 1.097500000000000067e-08
-3.619850000000000012e-01 9.994849999999999663e-09
-3.611219999999999986e-01 1.113229999999999970e-08
-3.602589999999999959e-01 1.028340000000000029e-08
-3.593959999999999932e-01 1.011759999999999989e-08
-3.585329999999999906e-01 1.036050000000000036e-08
-3.576699999999999879e-01 9.787869999999999619e-09
-3.568069999999999853e-01 9.640720000000000184e-09
-3.559439999999999826e-01 8.333560000000000740e-09
-3.550809999999999800e-01 9.139979999999999699e-09
-3.542190000000000061e-01 8.647060000000000536e-09
-3.533560000000000034e-01 8.928059999999999876e-09
-3.524930000000000008e-01 1.008929999999999989e-08
-3.516299999999999981e-01 9.463940000000000305e-09
-3.507669999999999955e-01 8.248270000000000510e-09
-3.499039999999999928e-01 8.487159999999999879e-09
-3.490409999999999902e-01 6.644419999999999685e-09
-3.481779999999999875e-01 7.826000000000000065e-09
-3.473149999999999848e-01 7.914099999999999378e-09
-3.464530000000000109e-01 6.655320000000000133e-09
-3.455900000000000083e-01 6.757860000000000071e-09
-3.447270000000000056e-01 7.054209999999999776e-09
-3.438640000000000030e-01 6.627539999999999636e-09
-3.430010000000000003e-01 6.374090000000000268e-09
-3.421379999999999977e-01 6.788940000000000340e-09
-3.412749999999999950e-01 5.257690000000000277e-09
-3.404119999999999924e-01 7.270679999999999960e-09
-3.395489999999999897e-01 7.859539999999999517e-09
-3.386859999999999871e-01 7.996300000000000604e-09
-3.378240000000000132e-01 8.030669999999999938e-09
-3.369610000000000105e-01 6.740480000000000282e-09
-3.360980000000000079e-01 7.065559999999999742e-09
-3.352350000000000052e-01 8.692799999999999595e-09
-3.343720000000000026e-01 7.139389999999999683e-09
-3.335089999999999999e-01 7.571660000000000714e-09
-3.326459999999999972e-01 6.723040000000000391e-09
-3.317829999999999946e-01 6.809889999999999942e-09
-3.309199999999999919e-01 7.037080000000000271e-09
-3.300580000000000180e-01 8.026079999999999234e-09
-3.291950000000000154e-01 8.318800000000000679e-09
-3.283320000000000127e-01 7.416200000000000095e-09
-3.274690000000000101e-01 7.796160000000000507e-09
-3.266060000000000074e-01 7.256650000000000165e-09
-3.257430000000000048e-01 6.019600000000000182e-09
-3.248800000000000021e-01 6.828409999999999998e-09
-3.240169999999999995e-01 7.808480000000000316e-09
-3.231539999999999968e-01 7.886309999999999829e-09
-3.222909999999999942e-01 7.416549999999999995e-09
-3.214290000000000203e-01 6.664130000000000230e-09
-3.205660000000000176e-01 6.684990000000000094e-09
-3.197030000000000149e-01 6.569479999999999942e-09
-3.188400000000000123e-01 5.486280000000000208e-09
-3.179770000000000096e-01 5.226860000000000291e-09
-3.171140000000000070e-01 5.380860000000000380e-09
-3.162510000000000043e-01 5.667249999999999843e-09
-3.153880000000000017e-01 4.257739999999999816e-09
-3.145249999999999990e-01 4.044920000000000131e-09
-3.136630000000000251e-01 4.554689999999999706e-09
-3.128000000000000225e-01 5.202099999999999645e-09
-3.119370000000000198e-01 4.098389999999999948e-09
-3.110740000000000172e-01 5.009220000000000203e-09
-3.102110000000000145e-01 3.730010000000000027e-09
-3.093480000000000119e-01 4.131670000000000064e-09
-3.084850000000000092e-01 4.003539999999999598e-09
-3.076220000000000065e-01 2.387030000000000183e-09
-3.067590000000000039e-01 3.869399999999999894e-09
-3.058960000000000012e-01 4.377779999999999745e-09
-3.050340000000000273e-01 4.729869999999999922e-09
-3.041710000000000247e-01 4.537439999999999998e-09
-3.033080000000000220e-01 4.011719999999999874e-09
-3.024450000000000194e-01 4.787089999999999854e-09
-3.015820000000000167e-01 4.765029999999999623e-09
-3.007190000000000141e-01 4.413869999999999772e-09
-2.998560000000000114e-01 4.694419999999999594e-09
-2.989930000000000088e-01 4.118779999999999709e-09
-2.981300000000000061e-01 5.276939999999999771e-09
-2.972670000000000035e-01 4.829700000000000393e-09
-2.964049999999999740e-01 4.381380000000000022e-09
-2.955420000000000269e-01 3.271360000000000168e-09
-2.946790000000000243e-01 5.294670000000000287e-09
-2.938160000000000216e-01 4.043080000000000063e-09
-2.929530000000000189e-01 1.965340000000000164e-09
-2.920900000000000163e-01 2.621600000000000129e-09
-2.912270000000000136e-01 2.779959999999999983e-09
-2.903640000000000110e-01 1.368949999999999910e-09
-2.895010000000000083e-01 2.841980000000000147e-09
-2.886389999999999789e-01 4.416869999999999865e-09
-2.877759999999999763e-01 3.591550000000000072e-09
-2.869129999999999736e-01 3.097470000000000058e-09
-2.860500000000000265e-01 2.727569999999999919e-09
-2.851870000000000238e-01 3.078179999999999807e-09
-2.843240000000000212e-01 3.977689999999999734e-09
-2.834610000000000185e-01 4.409240000000000379e-09
-2.825980000000000159e-01 2.388260000000000188e-09
-2.817350000000000132e-01 1.945450000000000142e-09
-2.808720000000000105e-01 1.345250000000000085e-09
-2.800099999999999811e-01 2.044629999999999794e-09
-2.791469999999999785e-01 2.890779999999999813e-09
-2.782839999999999758e-01 2.264419999999999921e-09
-2.774209999999999732e-01 1.068789999999999987e-09
-2.765580000000000260e-01 1.315260000000000068e-09
-2.756950000000000234e-01 9.810379999999999369e-10
-2.748320000000000207e-01 1.479599999999999936e-09
-2.739690000000000181e-01 2.298939999999999922e-09
-2.731060000000000154e-01 2.669289999999999992e-09
-2.722439999999999860e-01 1.500130000000000071e-09
-2.713809999999999834e-01 6.171930000000000420e-10
-2.705179999999999807e-01 4.716679999999999681e-10
-2.696549999999999780e-01 4.649579999999999985e-10
-2.687919999999999754e-01 8.274460000000000396e-10
-2.679289999999999727e-01 1.957750000000000193e-09
-2.670660000000000256e-01 1.464269999999999949e-09
-2.662030000000000229e-01 2.618600000000000036e-09
-2.653400000000000203e-01 1.306299999999999925e-09
-2.644770000000000176e-01 7.098320000000000361e-10
-2.636149999999999882e-01 2.376039999999999996e-09
-2.627519999999999856e-01 -3.810279999999999714e-11
-2.618889999999999829e-01 -2.407160000000000195e-09
-2.610259999999999803e-01 2.756869999999999807e-09
-2.601629999999999776e-01 1.279929999999999942e-09
-2.592999999999999750e-01 9.897630000000000283e-10
-2.584369999999999723e-01 1.714480000000000060e-09
-2.575740000000000252e-01 -4.800079999999999620e-10
-2.567110000000000225e-01 -2.859950000000000035e-10
-2.558489999999999931e-01 7.468080000000000385e-11
-2.549859999999999904e-01 -7.073460000000000098e-10
-2.541229999999999878e-01 -1.456599999999999912e-10
-2.532599999999999851e-01 -8.070429999999999603e-10
-2.523969999999999825e-01 -1.104829999999999999e-09
-2.515339999999999798e-01 -5.970679999999999693e-10
-2.506709999999999772e-01 -7.517549999999999543e-10
-2.498080000000000023e-01 2.609399999999999799e-10
-2.489449999999999996e-01 -1.068200000000000096e-09
-2.480819999999999970e-01 -2.053360000000000031e-10
-2.472199999999999953e-01 -5.543480000000000383e-10
-2.463569999999999927e-01 -3.759919999999999771e-10
-2.454939999999999900e-01 -1.388300000000000004e-10
-2.446309999999999873e-01 -1.060000000000000062e-09
-2.437680000000000125e-01 -5.863639999999999616e-10
-2.429050000000000098e-01 -1.577769999999999971e-10
-2.420420000000000071e-01 -6.844279999999999654e-10
-2.411790000000000045e-01 -4.909100000000000139e-10
-2.403160000000000018e-01 -8.980839999999999977e-10
-2.394529999999999992e-01 -2.036539999999999980e-10
-2.385909999999999975e-01 1.792290000000000022e-10
-2.377279999999999949e-01 -7.823920000000000420e-10
-2.368649999999999922e-01 -1.211090000000000002e-09
-2.360019999999999896e-01 6.519250000000000002e-10
-2.351389999999999869e-01 6.383409999999999983e-10
-2.342760000000000120e-01 1.698580000000000043e-10
-2.334130000000000094e-01 -9.246069999999999484e-10
-2.325500000000000067e-01 6.510639999999999812e-11
-2.316870000000000041e-01 6.245410000000000046e-10
-2.308250000000000024e-01 -6.442829999999999970e-10
-2.299619999999999997e-01 -1.128170000000000045e-10
-2.290989999999999971e-01 1.638500000000000080e-09
-2.282359999999999944e-01 7.972250000000000051e-10
-2.273729999999999918e-01 1.304320000000000103e-09
-2.265099999999999891e-01 6.257030000000000467e-10
-2.256469999999999865e-01 1.116029999999999919e-09
-2.247840000000000116e-01 1.139930000000000012e-09
-2.239210000000000089e-01 -1.218029999999999980e-09
-2.230580000000000063e-01 -8.914000000000000444e-10
-2.221960000000000046e-01 -7.119829999999999804e-10
-2.213330000000000020e-01 -1.883609999999999868e-09
-2.204699999999999993e-01 -1.233720000000000006e-10
-2.196069999999999967e-01 -4.520669999999999962e-10
-2.187439999999999940e-01 1.501300000000000027e-10
-2.178809999999999913e-01 2.089379999999999872e-10
-2.170179999999999887e-01 -3.235460000000000013e-10
-2.161550000000000138e-01 -9.486809999999999834e-10
-2.152920000000000111e-01 -6.954809999999999685e-10
-2.144300000000000095e-01 -2.680309999999999996e-11
-2.135670000000000068e-01 1.369519999999999940e-10
-2.127040000000000042e-01 -1.112819999999999937e-10
-2.118410000000000015e-01 6.321510000000000435e-10
-2.109779999999999989e-01 -2.309199999999999894e-10
-2.101149999999999962e-01 2.036170000000000011e-09
-2.092519999999999936e-01 1.765089999999999950e-09
-2.083889999999999909e-01 1.311010000000000005e-09
-2.075259999999999883e-01 1.805299999999999959e-09
-2.066630000000000134e-01 1.499199999999999951e-09
-2.058010000000000117e-01 1.655139999999999932e-09
-2.049380000000000090e-01 2.400600000000000168e-09
-2.040750000000000064e-01 2.977910000000000111e-09
-2.032120000000000037e-01 2.186999999999999996e-09
-2.023490000000000011e-01 1.728970000000000079e-09
-2.014859999999999984e-01 6.319310000000000174e-10
-2.006229999999999958e-01 1.531809999999999904e-09
-1.997599999999999931e-01 2.006560000000000152e-09
-1.988969999999999905e-01 9.742379999999999190e-10
-1.980349999999999888e-01 1.274930000000000063e-09
-1.971719999999999862e-01 2.083120000000000144e-09
-1.963090000000000113e-01 3.449899999999999843e-09
-1.954460000000000086e-01 1.850460000000000039e-09
-1.945830000000000060e-01 1.758439999999999979e-09
-1.937200000000000033e-01 2.604450000000000038e-09
-1.928570000000000007e-01 3.083280000000000131e-09
-1.919939999999999980e-01 2.632400000000000133e-09
-1.911309999999999953e-01 1.776129999999999945e-09
-1.902679999999999927e-01 2.791870000000000203e-09
-1.894059999999999910e-01 9.913559999999999420e-10
-1.885429999999999884e-01 9.510160000000000586e-10
-1.876800000000000135e-01 5.840279999999999813e-10
-1.868170000000000108e-01 2.132040000000000012e-09
-1.859540000000000082e-01 2.435130000000000048e-09
-1.850910000000000055e-01 1.984059999999999867e-09
-1.842280000000000029e-01 1.496879999999999902e-09
-1.833650000000000002e-01 5.609439999999999605e-10
-1.825019999999999976e-01 1.604129999999999919e-09
-1.816399999999999959e-01 2.455220000000000130e-09
-1.807769999999999933e-01 1.541939999999999951e-09
-1.799139999999999906e-01 2.185229999999999908e-09
-1.790509999999999879e-01 1.253930000000000032e-09
-1.781880000000000130e-01 8.585070000000000423e-10
-1.773250000000000104e-01 2.034019999999999972e-09
-1.764620000000000077e-01 2.643230000000000187e-09
-1.755990000000000051e-01 1.761820000000000023e-09
-1.747360000000000024e-01 2.434950000000000158e-09
-1.738729999999999998e-01 8.106570000000000472e-10
-1.730109999999999981e-01 1.379550000000000060e-09
-1.721479999999999955e-01 1.745120000000000070e-09
-1.712849999999999928e-01 2.331139999999999872e-09
-1.704219999999999902e-01 2.805240000000000127e-09
-1.695589999999999875e-01 3.752919999999999899e-09
-1.686960000000000126e-01 2.896330000000000068e-09
-1.678330000000000100e-01 2.893730000000000098e-09
-1.669700000000000073e-01 3.168199999999999875e-09
-1.661070000000000046e-01 2.342319999999999828e-09
-1.652440000000000020e-01 2.279599999999999862e-09
-1.643820000000000003e-01 3.264830000000000192e-09
-1.635189999999999977e-01 4.730520000000000328e-09
-1.626559999999999950e-01 2.910780000000000158e-09
-1.617929999999999924e-01 3.859149999999999851e-09
-1.609299999999999897e-01 4.472890000000000257e-09
-1.600669999999999871e-01 3.639980000000000080e-09
-1.592040000000000122e-01 2.863040000000000073e-09
-1.583410000000000095e-01 2.415310000000000007e-09
-1.574780000000000069e-01 2.719830000000000109e-09
-1.566160000000000052e-01 2.649490000000000122e-09
-1.557530000000000026e-01 3.440119999999999904e-09
-1.548899999999999999e-01 3.380999999999999802e-09
-1.540269999999999972e-01 2.173469999999999940e-09
-1.531639999999999946e-01 2.428709999999999981e-09
-1.523009999999999919e-01 3.652220000000000029e-09
-1.514379999999999893e-01 2.106009999999999844e-09
-1.505749999999999866e-01 7.831030000000000409e-10
-1.497120000000000117e-01 7.006600000000000393e-10
-1.488490000000000091e-01 -3.264439999999999689e-11
-1.479870000000000074e-01 7.569659999999999894e-10
-1.471240000000000048e-01 9.008370000000000398e-10
-1.462610000000000021e-01 1.366290000000000045e-09
-1.453979999999999995e-01 1.177270000000000010e-09
-1.445349999999999968e-01 7.798279999999999669e-10
-1.436719999999999942e-01 5.699749999999999885e-10
-1.428089999999999915e-01 1.722879999999999897e-10
-1.419459999999999888e-01 5.784849999999999933e-10
-1.410829999999999862e-01 -2.670219999999999905e-10
-1.402210000000000123e-01 -1.715689999999999997e-10
-1.393580000000000096e-01 9.261930000000000089e-10
-1.384950000000000070e-01 4.549130000000000089e-10
-1.376320000000000043e-01 1.422419999999999933e-09
-1.367690000000000017e-01 1.684789999999999928e-09
-1.359059999999999990e-01 5.955609999999999662e-10
-1.350429999999999964e-01 -7.256369999999999624e-11
-1.341799999999999937e-01 6.779880000000000373e-10
-1.333169999999999911e-01 1.896089999999999808e-09
-1.324539999999999884e-01 2.234330000000000079e-09
-1.315919999999999868e-01 2.285080000000000137e-09
-1.307290000000000119e-01 2.225909999999999813e-09
-1.298660000000000092e-01 1.544009999999999924e-09
-1.290030000000000066e-01 2.338069999999999971e-09
-1.281400000000000039e-01 1.319790000000000051e-09
-1.272770000000000012e-01 1.678300000000000088e-09
-1.264139999999999986e-01 1.066329999999999977e-09
-1.255509999999999959e-01 -1.011310000000000099e-09
-1.246879999999999933e-01 5.033240000000000085e-10
-1.238260000000000055e-01 1.720040000000000090e-10
-1.229630000000000029e-01 -1.152579999999999938e-10
-1.221000000000000002e-01 -3.675350000000000135e-10
-1.212369999999999975e-01 7.573889999999999992e-10
-1.203739999999999949e-01 -3.224390000000000174e-10
-1.195110000000000061e-01 3.463020000000000000e-10
-1.186480000000000035e-01 -2.493960000000000040e-10
-1.177850000000000008e-01 1.366220000000000065e-10
-1.169219999999999982e-01 3.624620000000000249e-10
-1.160589999999999955e-01 2.877070000000000075e-10
-1.151969999999999938e-01 -3.779970000000000131e-10
-1.143340000000000051e-01 -1.430610000000000036e-10
-1.134710000000000024e-01 -4.552229999999999799e-10
-1.126079999999999998e-01 2.262069999999999872e-11
-1.117449999999999971e-01 -2.792490000000000029e-11
-1.108819999999999945e-01 -5.788890000000000469e-10
-1.100190000000000057e-01 -6.938830000000000119e-10
-1.091560000000000030e-01 -3.947839999999999883e-10
-1.082930000000000004e-01 -1.009479999999999910e-09
-1.074299999999999977e-01 -1.240779999999999928e-09
-1.065679999999999961e-01 -1.141600000000000070e-09
-1.057049999999999934e-01 -1.872990000000000167e-09
-1.048420000000000046e-01 -2.696000000000000203e-09
-1.039790000000000020e-01 -2.569489999999999985e-09
-1.031159999999999993e-01 -2.444590000000000137e-09
-1.022529999999999967e-01 -2.422909999999999856e-09
-1.013899999999999940e-01 -2.227110000000000181e-09
-1.005270000000000052e-01 -3.225320000000000190e-09
-9.966440000000000021e-02 -3.202330000000000045e-09
-9.880150000000000043e-02 -3.377509999999999848e-09
-9.793860000000000066e-02 -3.857869999999999624e-09
-9.707570000000000088e-02 -2.601449999999999945e-09
-9.621280000000000110e-02 -3.227809999999999838e-09
-9.535000000000000420e-02 -3.678309999999999885e-09
-9.448710000000000442e-02 -3.450460000000000097e-09
-9.362420000000000464e-02 -3.391200000000000035e-09
-9.276130000000000486e-02 -3.578239999999999836e-09
-9.189840000000000508e-02 -3.637159999999999877e-09
-9.103550000000000531e-02 -2.946800000000000205e-09
-9.017260000000000553e-02 -4.904170000000000033e-09
-8.930970000000000575e-02 -4.873699999999999827e-09
-8.844680000000000597e-02 -3.413820000000000108e-09
-8.758390000000000619e-02 -4.102600000000000288e-09
-8.672100000000000641e-02 -3.412720000000000184e-09
-8.585810000000000664e-02 -3.312289999999999943e-09
-8.499520000000000686e-02 -4.762730000000000158e-09
-8.413229999999999320e-02 -3.643339999999999953e-09
-8.326939999999999342e-02 -3.753730000000000023e-09
-8.240649999999999364e-02 -3.887980000000000051e-09
-8.154359999999999387e-02 -4.859769999999999649e-09
-8.068069999999999409e-02 -2.846350000000000206e-09
-7.981779999999999431e-02 -2.852640000000000191e-09
-7.895489999999999453e-02 -2.973859999999999903e-09
-7.809199999999999475e-02 -4.422120000000000028e-09
-7.722909999999999497e-02 -3.360759999999999880e-09
-7.636629999999999807e-02 -3.791090000000000399e-09
-7.550339999999999829e-02 -3.520159999999999971e-09
-7.464049999999999851e-02 -3.904549999999999715e-09
-7.377759999999999874e-02 -3.824619999999999972e-09
-7.291469999999999896e-02 -4.784349999999999924e-09
-7.205179999999999918e-02 -5.450750000000000021e-09
-7.118889999999999940e-02 -5.923809999999999627e-09
-7.032599999999999962e-02 -5.893740000000000370e-09
-6.946309999999999985e-02 -6.263119999999999771e-09
-6.860020000000000007e-02 -5.431209999999999901e-09
-6.773730000000000029e-02 -6.341989999999999934e-09
-6.687440000000000051e-02 -6.169999999999999993e-09
-6.601150000000000073e-02 -6.136509999999999936e-09
-6.514860000000000095e-02 -5.978500000000000396e-09
-6.428570000000000118e-02 -6.442959999999999845e-09
-6.342280000000000140e-02 -7.054549999999999798e-09
-6.255990000000000162e-02 -6.361489999999999712e-09
-6.169700000000000184e-02 -7.984109999999999222e-09
-6.083410000000000206e-02 -7.826019999999999823e-09
-5.997120000000000228e-02 -8.018210000000000170e-09
-5.910830000000000251e-02 -8.193549999999999277e-09
-5.824540000000000273e-02 -6.475340000000000099e-09
-5.738259999999999889e-02 -6.869130000000000246e-09
-5.651969999999999911e-02 -6.696559999999999879e-09
-5.565679999999999933e-02 -6.667449999999999759e-09
-5.479389999999999955e-02 -7.752339999999999722e-09
-5.393099999999999977e-02 -7.362149999999999852e-09
-5.306809999999999999e-02 -7.940039999999999808e-09
-5.220520000000000022e-02 -7.845579999999999702e-09
-5.134230000000000044e-02 -8.161809999999999550e-09
-5.047940000000000066e-02 -8.003799999999999182e-09
-4.961650000000000088e-02 -7.587879999999999651e-09
-4.875360000000000110e-02 -6.616820000000000318e-09
-4.789070000000000132e-02 -6.574650000000000245e-09
-4.702780000000000155e-02 -6.600210000000000310e-09
-4.616490000000000177e-02 -7.008959999999999752e-09
-4.530200000000000199e-02 -5.763960000000000018e-09
-4.443910000000000221e-02 -6.893130000000000163e-09
-4.357620000000000243e-02 -6.132850000000000385e-09
-4.271330000000000265e-02 -7.187379999999999638e-09
-4.185040000000000288e-02 -5.253829999999999837e-09
-4.098750000000000310e-02 -8.267639999999999380e-09
-4.012460000000000332e-02 -4.996609999999999768e-09
-3.926169999999999660e-02 -6.549409999999999617e-09
-3.839879999999999682e-02 -6.421040000000000400e-09
-3.753599999999999992e-02 -6.522920000000000053e-09
-3.667310000000000014e-02 -6.147160000000000101e-09
-3.581020000000000036e-02 -6.333249999999999817e-09
-3.494730000000000059e-02 -6.650460000000000214e-09
-3.408440000000000081e-02 -7.004900000000000078e-09
-3.322150000000000103e-02 -7.159809999999999908e-09
-3.235860000000000125e-02 -7.903630000000000344e-09
-3.149570000000000147e-02 -7.168730000000000328e-09
-3.063280000000000169e-02 -8.527320000000000286e-09
-2.976989999999999845e-02 -8.209290000000000713e-09
-2.890699999999999867e-02 -8.780120000000000075e-09
-2.804409999999999889e-02 -8.513370000000000350e-09
-2.718119999999999911e-02 -9.595610000000000120e-09
-2.631829999999999933e-02 -8.125070000000000770e-09
-2.545539999999999956e-02 -7.596870000000000051e-09
-2.459249999999999978e-02 -8.797030000000000588e-09
-2.372960000000000000e-02 -9.201749999999999993e-09
-2.286670000000000022e-02 -1.034049999999999919e-08
-2.200380000000000044e-02 -1.033429999999999977e-08
-2.114090000000000066e-02 -1.073149999999999918e-08
-2.027800000000000089e-02 -9.564349999999999547e-09
-1.941510000000000111e-02 -9.108090000000000132e-09
-1.855230000000000073e-02 -9.129910000000000787e-09
-1.768940000000000096e-02 -9.143149999999999389e-09
-1.682650000000000118e-02 -1.007230000000000047e-08
-1.596360000000000140e-02 -9.843399999999999323e-09
-1.510069999999999989e-02 -9.501729999999999613e-09
-1.423780000000000011e-02 -9.633279999999999226e-09
-1.337490000000000033e-02 -9.233669999999999196e-09
-1.251200000000000055e-02 -9.818639999999999504e-09
-1.164910000000000077e-02 -9.340139999999999553e-09
-1.078619999999999926e-02 -1.036760000000000047e-08
-9.923299999999999482e-03 -9.507629999999999355e-09
-9.060399999999999704e-03 -1.021889999999999994e-08
-8.197509999999999866e-03 -8.279909999999999793e-09
-7.334610000000000088e-03 -8.357900000000000679e-09
-6.471720000000000250e-03 -8.864349999999999897e-09
-5.608819999999999605e-03 -1.045390000000000006e-08
-4.745929999999999767e-03 -1.122290000000000019e-08
-3.883029999999999989e-03 -1.366580000000000052e-08
-3.020130000000000210e-03 -1.174669999999999956e-08
-2.157239999999999939e-03 -9.067450000000000571e-09
-1.294339999999999944e-03 -9.150710000000000550e-09
-4.314480000000000203e-04 -9.411700000000000493e-09
4.314480000000000203e-04 -9.401030000000000571e-09
1.294339999999999944e-03 -1.038669999999999930e-08
2.157239999999999939e-03 -1.004250000000000042e-08
3.020130000000000210e-03 -9.796120000000000702e-09
3.883029999999999989e-03 -1.140950000000000036e-08
4.745929999999999767e-03 -1.241390000000000073e-08
5.608819999999999605e-03 -1.155130000000000001e-08
6.471720000000000250e-03 -1.034049999999999919e-08
7.334610000000000088e-03 -1.032129999999999992e-08
8.197509999999999866e-03 -8.719319999999999623e-09
9.060399999999999704e-03 -9.199019999999999942e-09
9.923299999999999482e-03 -9.396660000000000512e-09
1.078619999999999926e-02 -9.265369999999999407e-09
1.164910000000000077e-02 -9.639779999999999979e-09
1.251200000000000055e-02 -8.894250000000000383e-09
1.337490000000000033e-02 -8.443260000000000062e-09
1.423780000000000011e-02 -8.348999999999999190e-09
1.510069999999999989e-02 -9.642299999999999263e-09
1.596360000000000140e-02 -1.066869999999999977e-08
1.682650000000000118e-02 -9.884610000000000259e-09
1.768940000000000096e-02 -1.073730000000000013e-08
1.855230000000000073e-02 -1.062600000000000032e-08
1.941510000000000111e-02 -1.004620000000000032e-08
2.027800000000000089e-02 -1.061129999999999954e-08
2.114090000000000066e-02 -1.034289999999999992e-08
2.200380000000000044e-02 -1.153889999999999952e-08
2.286670000000000022e-02 -1.151120000000000053e-08
2.372960000000000000e-02 -1.162370000000000071e-08
2.459249999999999978e-02 -1.148639999999999954e-08
2.545539999999999956e-02 -9.730940000000000313e-09
2.631829999999999933e-02 -1.087199999999999968e-08
2.718119999999999911e-02 -1.016959999999999929e-08
2.804409999999999889e-02 -1.171420000000000076e-08
2.890699999999999867e-02 -1.137809999999999982e-08
2.976989999999999845e-02 -1.048860000000000036e-08
3.063280000000000169e-02 -9.944900000000000265e-09
3.149570000000000147e-02 -9.368299999999999589e-09
3.235860000000000125e-02 -1.018440000000000052e-08
3.322150000000000103e-02 -9.777779999999999295e-09
3.408440000000000081e-02 -1.073909999999999986e-08
3.494730000000000059e-02 -1.067079999999999917e-08
3.581020000000000036e-02 -1.152950000000000077e-08
3.667310000000000014e-02 -1.095370000000000034e-08
3.753599999999999992e-02 -1.132559999999999985e-08
3.839879999999999682e-02 -1.076999999999999982e-08
3.926169999999999660e-02 -1.053730000000000000e-08
4.012460000000000332e-02 -1.037550000000000083e-08
4.098750000000000310e-02 -1.149000000000000065e-08
4.185040000000000288e-02 -9.589440000000000337e-09
4.271330000000000265e-02 -1.058599999999999963e-08
4.357620000000000243e-02 -1.032119999999999947e-08
4.443910000000000221e-02 -1.083570000000000054e-08
4.530200000000000199e-02 -8.875230000000000587e-09
4.616490000000000177e-02 -1.061900000000000066e-08
4.702780000000000155e-02 -1.017259999999999939e-08
4.789070000000000132e-02 -1.122480000000000036e-08
4.875360000000000110e-02 -1.049519999999999991e-08
4.961650000000000088e-02 -1.126090000000000027e-08
5.047940000000000066e-02 -9.900870000000000366e-09
5.134230000000000044e-02 -9.943220000000000742e-09
5.220520000000000022e-02 -9.469749999999999481e-09
5.306809999999999999e-02 -8.817179999999999945e-09
5.393099999999999977e-02 -7.959520000000000655e-09
5.479389999999999955e-02 -9.611040000000000345e-09
5.565679999999999933e-02 -9.397240000000000111e-09
5.651969999999999911e-02 -9.797749999999999176e-09
5.738259999999999889e-02 -9.667449999999999326e-09
5.824540000000000273e-02 -9.073310000000000796e-09
5.910830000000000251e-02 -8.682620000000000360e-09
5.997120000000000228e-02 -8.517770000000000045e-09
6.083410000000000206e-02 -8.060529999999999254e-09
6.169700000000000184e-02 -7.671090000000000235e-09
6.255990000000000162e-02 -8.930799999999999807e-09
6.342280000000000140e-02 -7.753829999999999889e-09
6.428570000000000118e-02 -8.236520000000000422e-09
6.514860000000000095e-02 -8.534089999999999426e-09
6.601150000000000073e-02 -8.005900000000000240e-09
6.687440000000000051e-02 -8.388879999999999676e-09
6.773730000000000029e-02 -7.664540000000000087e-09
6.860020000000000007e-02 -8.730170000000000677e-09
6.946309999999999985e-02 -8.730040000000000595e-09
7.032599999999999962e-02 -8.370470000000000771e-09
7.118889999999999940e-02 -8.115209999999999318e-09
7.205179999999999918e-02 -8.042530000000000350e-09
7.291469999999999896e-02 -8.655990000000000008e-09
7.377759999999999874e-02 -7.850629999999999803e-09
7.464049999999999851e-02 -8.797890000000000108e-09
7.550339999999999829e-02 -8.607199999999999808e-09
7.636629999999999807e-02 -8.816089999999999900e-09
7.722909999999999497e-02 -9.434660000000000588e-09
7.809199999999999475e-02 -9.516990000000000240e-09
7.895489999999999453e-02 -9.239880000000000150e-09
7.981779999999999431e-02 -9.907580000000000233e-09
8.068069999999999409e-02 -9.531119999999999653e-09
8.154359999999999387e-02 -9.414109999999999454e-09
8.240649999999999364e-02 -8.467469999999999919e-09
8.326939999999999342e-02 -1.097270000000000038e-08
8.413229999999999320e-02 -1.107559999999999927e-08
8.499520000000000686e-02 -1.082260000000000024e-08
8.585810000000000664e-02 -8.842249999999999322e-09
8.672100000000000641e-02 -8.707490000000000503e-09
8.758390000000000619e-02 -9.462879999999999897e-09
8.844680000000000597e-02 -7.788250000000000273e-09
8.930970000000000575e-02 -6.960849999999999594e-09
9.017260000000000553e-02 -9.131219999999999824e-09
9.103550000000000531e-02 -8.973439999999999982e-09
9.189840000000000508e-02 -8.566869999999999803e-09
9.276130000000000486e-02 -8.690919999999999184e-09
9.362420000000000464e-02 -7.132730000000000039e-09
9.448710000000000442e-02 -6.934299999999999929e-09
9.535000000000000420e-02 -7.863040000000000177e-09
9.621280000000000110e-02 -7.761649999999999558e-09
9.707570000000000088e-02 -7.142890000000000343e-09
9.793860000000000066e-02 -6.797080000000000272e-09
9.880150000000000043e-02 -7.458719999999999241e-09
9.966440000000000021e-02 -7.737289999999999862e-09
1.005270000000000052e-01 -6.463370000000000191e-09
1.013899999999999940e-01 -6.553629999999999836e-09
1.022529999999999967e-01 -5.897710000000000306e-09
1.031159999999999993e-01 -6.767470000000000413e-09
1.039790000000000020e-01 -6.149369999999999828e-09
1.048420000000000046e-01 -5.923550000000000291e-09
1.057049999999999934e-01 -6.160330000000000377e-09
1.065679999999999961e-01 -5.443529999999999709e-09
1.074299999999999977e-01 -5.847140000000000138e-09
1.082930000000000004e-01 -6.573039999999999876e-09
1.091560000000000030e-01 -6.436560000000000363e-09
1.100190000000000057e-01 -7.075889999999999643e-09
1.108819999999999945e-01 -7.590970000000000309e-09
1.117449999999999971e-01 -8.034350000000000075e-09
1.126079999999999998e-01 -8.392009999999999851e-09
1.134710000000000024e-01 -8.492870000000000266e-09
1.143340000000000051e-01 -8.419929999999999481e-09
1.151969999999999938e-01 -8.407489999999999471e-09
1.160589999999999955e-01 -8.721310000000000358e-09
1.169219999999999982e-01 -8.759529999999999425e-09
1.177850000000000008e-01 -7.539440000000000178e-09
1.186480000000000035e-01 -7.303320000000000377e-09
1.195110000000000061e-01 -5.975430000000000323e-09
1.203739999999999949e-01 -7.031810000000000350e-09
1.212369999999999975e-01 -7.727449999999999821e-09
1.221000000000000002e-01 -7.199129999999999727e-09
1.229630000000000029e-01 -6.796460000000000330e-09
1.238260000000000055e-01 -7.387869999999999635e-09
1.246879999999999933e-01 -5.693470000000000192e-09
1.255509999999999959e-01 -4.261610000000000135e-09
1.264139999999999986e-01 -4.445189999999999619e-09
1.272770000000000012e-01 -6.087649999999999756e-09
1.281400000000000039e-01 -5.569750000000000128e-09
1.290030000000000066e-01 -6.093900000000000225e-09
1.298660000000000092e-01 -5.323889999999999903e-09
1.307290000000000119e-01 -5.725470000000000082e-09
1.315919999999999868e-01 -4.879620000000000154e-09
1.324539999999999884e-01 -4.920780000000000041e-09
1.333169999999999911e-01 -6.519179999999999815e-09
1.341799999999999937e-01 -5.573430000000000264e-09
1.350429999999999964e-01 -5.877039999999999797e-09
1.359059999999999990e-01 -5.245759999999999885e-09
1.367690000000000017e-01 -5.131030000000000220e-09
1.376320000000000043e-01 -4.749470000000000144e-09
1.384950000000000070e-01 -5.325590000000000011e-09
1.393580000000000096e-01 -5.200589999999999719e-09
1.402210000000000123e-01 -6.061850000000000114e-09
1.410829999999999862e-01 -7.149989999999999625e-09
1.419459999999999888e-01 -7.796460000000000186e-09
1.428089999999999915e-01 -7.492859999999999704e-09
1.436719999999999942e-01 -8.176189999999999246e-09
1.445349999999999968e-01 -6.775509999999999901e-09
1.453979999999999995e-01 -6.358889999999999741e-09
1.462610000000000021e-01 -6.454970000000000096e-09
1.471240000000000048e-01 -6.414589999999999869e-09
1.479870000000000074e-01 -6.512930000000000173e-09
1.488490000000000091e-01 -6.191390000000000061e-09
1.497120000000000117e-01 -6.438350000000000209e-09
1.505749999999999866e-01 -7.100800000000000129e-09
1.514379999999999893e-01 -5.684829999999999693e-09
1.523009999999999919e-01 -5.329730000000000371e-09
1.531639999999999946e-01 -4.892140000000000024e-09
1.540269999999999972e-01 -6.318930000000000223e-09
1.548899999999999999e-01 -5.527780000000000116e-09
1.557530000000000026e-01 -5.926329999999999738e-09
1.566160000000000052e-01 -6.634950000000000130e-09
1.574780000000000069e-01 -4.784790000000000390e-09
1.583410000000000095e-01 -5.064089999999999622e-09
1.592040000000000122e-01 -6.127849999999999679e-09
1.600669999999999871e-01 -5.778999999999999999e-09
1.609299999999999897e-01 -4.742199999999999609e-09
1.617929999999999924e-01 -4.898919999999999871e-09
1.626559999999999950e-01 -4.962810000000000153e-09
1.635189999999999977e-01 -4.593629999999999987e-09
1.643820000000000003e-01 -4.492370000000000277e-09
1.652440000000000020e-01 -5.261110000000000250e-09
1.661070000000000046e-01 -4.832269999999999899e-09
1.669700000000000073e-01 -4.564760000000000272e-09
1.678330000000000100e-01 -6.011070000000000006e-09
1.686960000000000126e-01 -4.815700000000000234e-09
1.695589999999999875e-01 -3.058610000000000050e-09
1.704219999999999902e-01 -3.790579999999999953e-09
1.712849999999999928e-01 -5.078680000000000085e-09
1.721479999999999955e-01 -4.309390000000000150e-09
1.730109999999999981e-01 -4.548020000000000183e-09
1.738729999999999998e-01 -4.373790000000000051e-09
1.747360000000000024e-01 -3.326469999999999991e-09
1.755990000000000051e-01 -3.662710000000000062e-09
1.764620000000000077e-01 -3.548620000000000098e-09
1.773250000000000104e-01 -4.125430000000000301e-09
1.781880000000000130e-01 -3.506200000000000155e-09
1.790509999999999879e-01 -3.800929999999999612e-09
1.799139999999999906e-01 -3.239450000000000017e-09
1.807769999999999933e-01 -4.382860000000000310e-09
1.816399999999999959e-01 -3.593129999999999978e-09
1.825019999999999976e-01 -2.116809999999999848e-09
1.833650000000000002e-01 -2.514700000000000012e-09
1.842280000000000029e-01 -3.694169999999999869e-09
1.850910000000000055e-01 -2.931220000000000141e-09
1.859540000000000082e-01 -3.431169999999999847e-09
1.868170000000000108e-01 -2.530559999999999996e-09
1.876800000000000135e-01 -2.550349999999999987e-09
1.885429999999999884e-01 -4.112570000000000409e-09
1.894059999999999910e-01 -3.618890000000000104e-09
1.902679999999999927e-01 -3.801039999999999935e-09
1.911309999999999953e-01 -3.720980000000000110e-09
1.919939999999999980e-01 -1.568339999999999984e-09
1.928570000000000007e-01 -2.395179999999999994e-09
1.937200000000000033e-01 -1.653200000000000040e-09
1.945830000000000060e-01 -2.363560000000000056e-09
1.954460000000000086e-01 -1.712879999999999983e-09
1.963090000000000113e-01 -2.832520000000000058e-09
1.971719999999999862e-01 -3.211709999999999862e-09
1.980349999999999888e-01 -2.209699999999999928e-09
1.988969999999999905e-01 -3.240540000000000165e-10
1.997599999999999931e-01 -1.508830000000000052e-09
2.006229999999999958e-01 -5.183519999999999901e-10
2.014859999999999984e-01 -3.413579999999999807e-10
2.023490000000000011e-01 -1.968310000000000206e-09
2.032120000000000037e-01 -1.089639999999999972e-09
2.040750000000000064e-01 -1.609280000000000051e-09
2.049380000000000090e-01 -1.487359999999999918e-09
2.058010000000000117e-01 -8.593720000000000181e-10
2.066630000000000134e-01 -1.976310000000000178e-09
2.075259999999999883e-01 -1.809729999999999912e-09
2.083889999999999909e-01 -2.672779999999999946e-09
2.092519999999999936e-01 -2.268599999999999797e-09
2.101149999999999962e-01 -1.279039999999999959e-09
2.109779999999999989e-01 -1.505489999999999937e-09
2.118410000000000015e-01 -1.775259999999999927e-09
2.127040000000000042e-01 -1.378990000000000012e-09
2.135670000000000068e-01 -2.131970000000000032e-09
2.144300000000000095e-01 -1.835800000000000009e-09
2.152920000000000111e-01 4.607710000000000108e-10
2.161550000000000138e-01 1.817820000000000088e-10
2.170179999999999887e-01 -3.225439999999999876e-10
2.178809999999999913e-01 -1.531429999999999953e-09
2.187439999999999940e-01 -8.343730000000000096e-10
2.196069999999999967e-01 -1.064020000000000013e-09
2.204699999999999993e-01 -7.422990000000000027e-10
2.213330000000000020e-01 -1.184319999999999897e-09
2.221960000000000046e-01 -2.573879999999999801e-09
2.230580000000000063e-01 -1.837270000000000005e-09
2.239210000000000089e-01 -1.361769999999999941e-09
2.247840000000000116e-01 -2.043310000000000050e-09
2.256469999999999865e-01 -9.847950000000000098e-10
2.265099999999999891e-01 -1.704810000000000030e-09
2.273729999999999918e-01 -1.950359999999999870e-09
2.282359999999999944e-01 -1.135840000000000081e-09
2.290989999999999971e-01 -2.152260000000000176e-09
2.299619999999999997e-01 -1.815310000000000011e-09
2.308250000000000024e-01 -9.345370000000000372e-10
2.316870000000000041e-01 -1.453369999999999914e-09
2.325500000000000067e-01 -4.858419999999999648e-10
2.334130000000000094e-01 -1.300149999999999900e-09
2.342760000000000120e-01 -8.884399999999999843e-10
2.351389999999999869e-01 -7.788840000000000371e-10
2.360019999999999896e-01 -1.354929999999999994e-09
2.368649999999999922e-01 -9.456279999999999527e-10
2.377279999999999949e-01 6.217580000000000412e-11
2.385909999999999975e-01 -3.760109999999999850e-10
2.394529999999999992e-01 -5.126770000000000071e-10
2.403160000000000018e-01 -1.367500000000000086e-09
2.411790000000000045e-01 4.197149999999999822e-11
2.420420000000000071e-01 2.014229999999999878e-10
2.429050000000000098e-01 2.342880000000000082e-10
2.437680000000000125e-01 3.752649999999999961e-10
2.446309999999999873e-01 5.570879999999999688e-10
2.454939999999999900e-01 1.003040000000000085e-09
2.463569999999999927e-01 7.129410000000000302e-10
2.472199999999999953e-01 1.482489999999999913e-09
2.480819999999999970e-01 1.503999999999999976e-09
2.489449999999999996e-01 9.321759999999999458e-10
2.498080000000000023e-01 1.013919999999999948e-09
2.506709999999999772e-01 1.248829999999999915e-09
2.515339999999999798e-01 2.681870000000000066e-10
2.523969999999999825e-01 3.876869999999999817e-11
2.532599999999999851e-01 1.214919999999999978e-09
2.541229999999999878e-01 6.608450000000000067e-10
2.549859999999999904e-01 1.066469999999999937e-09
2.558489999999999931e-01 4.718570000000000385e-10
2.567110000000000225e-01 7.275960000000000174e-10
2.575740000000000252e-01 8.105460000000000256e-10
2.584369999999999723e-01 -1.018680000000000017e-10
2.592999999999999750e-01 1.290090000000000040e-09
2.601629999999999776e-01 5.575839999999999845e-10
2.610259999999999803e-01 8.505740000000000243e-10
2.618889999999999829e-01 -8.988859999999999501e-10
2.627519999999999856e-01 -6.799789999999999532e-10
2.636149999999999882e-01 3.694549999999999924e-10
2.644770000000000176e-01 8.915099999999999541e-10
2.653400000000000203e-01 1.832890000000000068e-09
2.662030000000000229e-01 1.563269999999999917e-09
2.670660000000000256e-01 1.366539999999999915e-09
2.679289999999999727e-01 1.019459999999999910e-09
2.687919999999999754e-01 1.697770000000000022e-09
2.696549999999999780e-01 1.916270000000000043e-09
2.705179999999999807e-01 6.283799999999999538e-10
2.713809999999999834e-01 2.394679999999999841e-09
2.722439999999999860e-01 2.206289999999999833e-09
2.731060000000000154e-01 2.670979999999999807e-09
2.739690000000000181e-01 2.780129999999999994e-09
2.748320000000000207e-01 1.659980000000000093e-09
2.756950000000000234e-01 2.543340000000000029e-09
2.765580000000000260e-01 2.446799999999999864e-09
2.774209999999999732e-01 1.479690000000000088e-09
2.782839999999999758e-01 2.246039999999999825e-09
2.791469999999999785e-01 1.733289999999999915e-09
2.800099999999999811e-01 2.737770000000000153e-09
2.808720000000000105e-01 2.234789999999999890e-09
2.817350000000000132e-01 2.200819999999999851e-09
2.825980000000000159e-01 2.138809999999999979e-09
2.834610000000000185e-01 1.335489999999999904e-09
2.843240000000000212e-01 2.000550000000000086e-09
2.851870000000000238e-01 2.455509999999999930e-09
2.860500000000000265e-01 1.893130000000000058e-09
2.869129999999999736e-01 2.609759999999999888e-09
2.877759999999999763e-01 1.710500000000000039e-09
2.886389999999999789e-01 2.261409999999999949e-09
2.895010000000000083e-01 3.758749999999999661e-09
2.903640000000000110e-01 2.266299999999999918e-09
2.912270000000000136e-01 1.748160000000000093e-09
2.920900000000000163e-01 2.513630000000000139e-09
2.929530000000000189e-01 5.758689999999999891e-10
2.938160000000000216e-01 2.024179999999999931e-09
2.946790000000000243e-01 2.539230000000000133e-09
2.955420000000000269e-01 3.521199999999999793e-09
2.964049999999999740e-01 3.076250000000000001e-09
2.972670000000000035e-01 2.960590000000000010e-09
2.981300000000000061e-01 1.336239999999999927e-09
2.989930000000000088e-01 6.874779999999999704e-10
2.998560000000000114e-01 2.038310000000000171e-09
3.007190000000000141e-01 5.618719999999999598e-10
3.015820000000000167e-01 1.329639999999999970e-09
3.024450000000000194e-01 1.395240000000000033e-09
3.033080000000000220e-01 2.150660000000000099e-09
3.041710000000000247e-01 2.749929999999999829e-09
3.050340000000000273e-01 3.761529999999999934e-09
3.058960000000000012e-01 2.384260000000000202e-09
3.067590000000000039e-01 2.839040000000000155e-09
3.076220000000000065e-01 2.960729999999999970e-09
3.084850000000000092e-01 2.721060000000000114e-09
3.093480000000000119e-01 2.086759999999999937e-09
3.102110000000000145e-01 2.752200000000000071e-09
3.110740000000000172e-01 2.841219999999999831e-09
3.119370000000000198e-01 4.089599999999999609e-09
3.128000000000000225e-01 3.471159999999999830e-09
3.136630000000000251e-01 3.493560000000000083e-09
3.145249999999999990e-01 4.300160000000000172e-09
3.153880000000000017e-01 3.323989999999999809e-09
3.162510000000000043e-01 2.839180000000000116e-09
3.171140000000000070e-01 1.324599999999999955e-09
3.179770000000000096e-01 3.057399999999999803e-09
3.188400000000000123e-01 4.022379999999999917e-09
3.197030000000000149e-01 5.469969999999999879e-09
3.205660000000000176e-01 4.473419999999999634e-09
3.214290000000000203e-01 4.857270000000000123e-09
3.222909999999999942e-01 5.745329999999999639e-09
3.231539999999999968e-01 4.621840000000000244e-09
3.240169999999999995e-01 4.359760000000000256e-09
3.248800000000000021e-01 6.326720000000000255e-09
3.257430000000000048e-01 5.637760000000000185e-09
3.266060000000000074e-01 4.220619999999999845e-09
3.274690000000000101e-01 6.124530000000000149e-09
3.283320000000000127e-01 5.283499999999999798e-09
3.291950000000000154e-01 4.915469999999999777e-09
3.300580000000000180e-01 5.000180000000000408e-09
3.309199999999999919e-01 4.271440000000000296e-09
3.317829999999999946e-01 5.107800000000000084e-09
3.326459999999999972e-01 4.535790000000000112e-09
3.335089999999999999e-01 4.731039999999999826e-09
3.343720000000000026e-01 6.279859999999999860e-09
3.352350000000000052e-01 4.783090000000000282e-09
3.360980000000000079e-01 5.554350000000000367e-09
3.369610000000000105e-01 6.481389999999999680e-09
3.378240000000000132e-01 4.632349999999999622e-09
3.386859999999999871e-01 4.635720000000000200e-09
3.395489999999999897e-01 5.066809999999999794e-09
3.404119999999999924e-01 6.460719999999999999e-09
3.412749999999999950e-01 6.686810000000000404e-09
3.421379999999999977e-01 6.190900000000000200e-09
3.430010000000000003e-01 5.004139999999999637e-09
3.438640000000000030e-01 4.525409999999999989e-09
3.447270000000000056e-01 4.200739999999999703e-09
3.455900000000000083e-01 4.790900000000000072e-09
3.464530000000000109e-01 2.729600000000000169e-09
3.473149999999999848e-01 3.521450000000000077e-09
3.481779999999999875e-01 4.190780000000000287e-09
3.490409999999999902e-01 3.661100000000000106e-09
3.499039999999999928e-01 4.633070000000000008e-09
3.507669999999999955e-01 5.463479999999999832e-09
3.516299999999999981e-01 4.844960000000000193e-09
3.524930000000000008e-01 4.924779999999999614e-09
3.533560000000000034e-01 5.807369999999999975e-09
3.542190000000000061e-01 5.319469999999999623e-09
3.550809999999999800e-01 6.972430000000000086e-09
3.559439999999999826e-01 5.657129999999999882e-09
3.568069999999999853e-01 5.503549999999999674e-09
3.576699999999999879e-01 7.152680000000000161e-09
3.585329999999999906e-01 7.566470000000000652e-09
3.593959999999999932e-01 8.424080000000000548e-09
3.602589999999999959e-01 8.113190000000000601e-09
3.611219999999999986e-01 8.095209999999999800e-09
3.619850000000000012e-01 9.944330000000000545e-09
3.628480000000000039e-01 8.808770000000000798e-09
3.637099999999999778e-01 9.887740000000000434e-09
3.645729999999999804e-01 1.212459999999999926e-08
3.654359999999999831e-01 1.115319999999999991e-08
3.662989999999999857e-01 1.187010000000000019e-08
3.671619999999999884e-01 1.101850000000000036e-08
3.680249999999999910e-01 1.113590000000000081e-08
3.688879999999999937e-01 1.067850000000000030e-08
3.697509999999999963e-01 1.196049999999999980e-08
3.706139999999999990e-01 9.976760000000000194e-09
3.714770000000000016e-01 1.027850000000000002e-08
3.723389999999999755e-01 9.922549999999999407e-09
3.732019999999999782e-01 8.686809999999999288e-09
3.740649999999999809e-01 1.048579999999999950e-08
3.749279999999999835e-01 1.115510000000000008e-08
3.757909999999999862e-01 1.139240000000000049e-08
3.766539999999999888e-01 1.116670000000000033e-08
3.775169999999999915e-01 1.061139999999999998e-08
3.783799999999999941e-01 1.060539999999999979e-08
3.792429999999999968e-01 1.116509999999999984e-08
3.801050000000000262e-01 1.104950000000000077e-08
3.809679999999999733e-01 1.058460000000000003e-08
3.818309999999999760e-01 1.214050000000000042e-08
3.826939999999999786e-01 1.082160000000000076e-08
3.835569999999999813e-01 1.158739999999999992e-08
3.844199999999999839e-01 1.176930000000000071e-08
3.852829999999999866e-01 1.064730000000000065e-08
3.861459999999999892e-01 1.051849999999999919e-08
3.870089999999999919e-01 1.017990000000000038e-08
3.878719999999999946e-01 1.138820000000000003e-08
3.887340000000000240e-01 1.184649999999999957e-08
3.895970000000000266e-01 1.142899999999999931e-08
3.904599999999999738e-01 1.153549999999999930e-08
3.913229999999999764e-01 1.302739999999999991e-08
3.921859999999999791e-01 1.425579999999999951e-08
3.930489999999999817e-01 1.357769999999999955e-08
3.939119999999999844e-01 1.463210000000000037e-08
3.947749999999999870e-01 1.481910000000000066e-08
3.956379999999999897e-01 1.546809999999999873e-08
3.965000000000000191e-01 1.587430000000000008e-08
3.973630000000000217e-01 1.543929999999999982e-08
3.982260000000000244e-01 1.593050000000000160e-08
3.990890000000000271e-01 1.641329999999999915e-08
3.999519999999999742e-01 1.567369999999999893e-08
4.008149999999999769e-01 1.499570000000000106e-08
4.016779999999999795e-01 1.477070000000000070e-08
4.025409999999999822e-01 1.672100000000000130e-08
4.034039999999999848e-01 1.576980000000000070e-08
4.042669999999999875e-01 1.696060000000000035e-08
4.051290000000000169e-01 1.832220000000000110e-08
4.059920000000000195e-01 1.783170000000000078e-08
4.068550000000000222e-01 1.790960000000000110e-08
4.077180000000000248e-01 1.711839999999999995e-08
4.085810000000000275e-01 1.781489999999999894e-08
4.094439999999999746e-01 1.749299999999999987e-08
4.103069999999999773e-01 1.794229999999999914e-08
4.111699999999999799e-01 1.576139999999999977e-08
4.120329999999999826e-01 1.729330000000000107e-08
4.128950000000000120e-01 1.592469999999999899e-08
4.137580000000000147e-01 1.545799999999999853e-08
4.146210000000000173e-01 1.700169999999999931e-08
4.154840000000000200e-01 1.669130000000000005e-08
4.163470000000000226e-01 1.749709999999999989e-08
4.172100000000000253e-01 1.689619999999999879e-08
4.180729999999999724e-01 1.623879999999999980e-08
4.189359999999999751e-01 1.587169999999999845e-08
4.197989999999999777e-01 1.658790000000000059e-08
4.206619999999999804e-01 1.744519999999999927e-08
4.215240000000000098e-01 1.669510000000000038e-08
4.223870000000000124e-01 1.853259999999999947e-08
4.232500000000000151e-01 1.924830000000000104e-08
4.241130000000000178e-01 2.039510000000000043e-08
